# gastruloid type colours
gastr_type_colours <- c("mesodermal" = "#8DB5CE",
                        "neural" = "#65A83E",
                        "intermediate" = "#7f7f7f"
                       )

# gastruloid timepoint colours
timepoint_colours <- c("d3" = "#cd1400",
                       "d3_d3.5" = "#DA4800",
                       "d3.5" = "#E67D00",
                       "d3.5_d4" = "#EEA416",
                       "d4" = "#f6ca2b",
                       "d4_d4.5" = "#BEBC50",
                       "d4.5" = "#85ad76",
                       "d4.5_d5" = "#699D95",
                       "d5" = "#4d8db4"
                      )



# gastruloid experiment + timepoint colours (so experiments are split by which timepoint the cell is)
tp_experiment_colours <- c("d3_10X" = "#A91200",
                           "d3_exp4" = "#F21A00",
                           "d3.5_exp5" = "#E67D00",
                           "d4_10X" = "#ffdf54",
                           "d4_exp5" = "#ffd21f",
                           #"4_exp3B_d4_d4.5" = "#e3b80e",
                           "d4_exp3B" = "#e3b10e",
                           "d4.5_exp3B" = "#a3c995",
                           "d4.5_exp6" = "#669156",
                           "d5_exp6" = "#78b7c5",
                           "d5_exp1" = "#2162A3"
                          )
experiment_tp_colours <- c("10X_d3" = "#A91200",
                           "exp4_d3" = "#F21A00",
                           "exp5_d3.5" = "#E67D00",
                           "10X_d4" = "#ffdf54",
                           "exp5_d4" = "#ffd21f",
                           #"4_exp3B_d4_d4.5" = "#e3b80e",
                           "exp3B_d4" = "#e3b10e",
                           "exp3B_d4.5" = "#a3c995",
                           "exp6_d4.5" = "#669156",
                           "exp6_d5" = "#78b7c5",
                           "exp1_d5" = "#2162A3"
                          )

gastruloid_order <- list()
gastruloid_order$d3 <- c('Bar49_exp4_d3', 'Bar24_exp4_d3', 'Bar41_exp4_d3', 'Bar28_exp4_d3', 'Bar66_exp4_d3', 'Bar45_exp4_d3', 'Bar20_exp4_d3', 'Bar25_exp4_d3', 'Bar47_exp4_d3', 'Bar59_exp4_d3', 'Bar52_exp4_d3', 'Bar56_exp4_d3', 'Bar30_exp4_d3', 'Bar55_exp4_d3', 'Bar19_exp4_d3', 'Bar13_exp4_d3', 'Bar14_exp4_d3', 'Bar2_exp4_d3', 'Bar6_exp4_d3', 'Bar18_exp4_d3', 'Bar61_exp4_d3', 'Bar65_exp4_d3', 'Bar15_exp4_d3', 'Bar12_exp4_d3')
gastruloid_order$d5 <- c('Bar16_exp1_d5', 'Bar4_exp1_d5', 'Bar13_exp1_d5', 'Bar7_exp6_d4.5_d5', 'Bar15_exp1_d5', 'Bar2_exp6_d4.5_d5', 'Bar12_exp1_d5', 'Bar10_exp6_d4.5_d5', 'Bar22_exp1_d5', 'Bar21_exp6_d4.5_d5', 'Bar3_exp1_d5', 'Bar17_exp1_d5', 'Bar14_exp6_d4.5_d5', 'Bar7_exp1_d5', 'Bar19_exp6_d4.5_d5', 'Bar18_exp1_d5', 'Bar10_exp1_d5', 'Bar19_exp1_d5', 'Bar20_exp1_d5', 'Bar5_exp1_d5', 'Bar14_exp1_d5', 'Bar24_exp1_d5', 'Bar2_exp1_d5', 'Bar1_exp6_d4.5_d5', 'Bar6_exp1_d5', 'Bar22_exp6_d4.5_d5', 'Bar9_exp1_d5', 'Bar13_exp6_d4.5_d5', 'Bar12_exp6_d4.5_d5', 'Bar23_exp1_d5', 'Bar11_exp1_d5', 'Bar15_exp6_d4.5_d5', 'Bar8_exp1_d5', 'Bar21_exp1_d5', 'Bar18_exp6_d4.5_d5', 'Bar6_exp6_d4.5_d5', 'Bar1_exp1_d5', 'Bar17_exp6_d4.5_d5', 'Bar4_exp6_d4.5_d5', 'Bar20_exp6_d4.5_d5')
gastruloid_order$d3.5 <- c('Bar30_exp5_d3.5_d4', 'Bar23_exp5_d3.5_d4', 'Bar47_exp5_d3.5_d4', 'Bar66_exp5_d3.5_d4', 'Bar45_exp5_d3.5_d4', 'Bar59_exp5_d3.5_d4', 'Bar25_exp5_d3.5_d4', 'Bar41_exp5_d3.5_d4', 'Bar24_exp5_d3.5_d4', 'Bar52_exp5_d3.5_d4', 'Bar55_exp5_d3.5_d4', 'Bar65_exp5_d3.5_d4', 'Bar56_exp5_d3.5_d4', 'Bar28_exp5_d3.5_d4', 'Bar49_exp5_d3.5_d4', 'Bar61_exp5_d3.5_d4')
gastruloid_order$d4 <- c('Bar22_exp3B_d4_d4.5', 'Bar49_exp3B_d4_d4.5', 'Bar2_exp3B_d4_d4.5', 'Bar25_exp3B_d4_d4.5', 'Bar20_exp5_d3.5_d4', 'Bar22_exp5_d3.5_d4', 'Bar6_exp3B_d4_d4.5', 'Bar5_exp3B_d4_d4.5', 'Bar30_exp3B_d4_d4.5', 'Bar13_exp5_d3.5_d4', 'Bar56_exp3B_d4_d4.5', 'Bar1_exp5_d3.5_d4', 'Bar7_exp5_d3.5_d4', 'Bar55_exp3B_d4_d4.5', 'Bar12_exp3B_d4_d4.5', 'Bar21_exp5_d3.5_d4', 'Bar4_exp5_d3.5_d4', 'Bar12_exp5_d3.5_d4', 'Bar14_exp5_d3.5_d4', 'Bar28_exp3B_d4_d4.5', 'Bar10_exp5_d3.5_d4', 'Bar18_exp5_d3.5_d4', 'Bar17_exp5_d3.5_d4', 'Bar6_exp5_d3.5_d4', 'Bar2_exp5_d3.5_d4', 'Bar52_exp3B_d4_d4.5', 'Bar19_exp5_d3.5_d4', 'Bar15_exp5_d3.5_d4')
gastruloid_order$d4.5 <- c('Bar65_exp6_d4.5_d5', 'Bar28_exp6_d4.5_d5', 'Bar15_exp3B_d4_d4.5', 'Bar45_exp6_d4.5_d5', 'Bar47_exp3B_d4_d4.5', 'Bar19_exp3B_d4_d4.5', 'Bar61_exp3B_d4_d4.5', 'Bar55_exp6_d4.5_d5', 'Bar25_exp6_d4.5_d5', 'Bar23_exp6_d4.5_d5', 'Bar13_exp3B_d4_d4.5', 'Bar56_exp6_d4.5_d5', 'Bar66_exp6_d4.5_d5', 'Bar45_exp3B_d4_d4.5', 'Bar52_exp6_d4.5_d5', 'Bar61_exp6_d4.5_d5', 'Bar49_exp6_d4.5_d5', 'Bar41_exp6_d4.5_d5', 'Bar66_exp3B_d4_d4.5', 'Bar14_exp3B_d4_d4.5', 'Bar39_exp3B_d4_d4.5', 'Bar59_exp3B_d4_d4.5', 'Bar24_exp6_d4.5_d5', 'Bar47_exp6_d4.5_d5', 'Bar65_exp3B_d4_d4.5', 'Bar59_exp6_d4.5_d5', 'Bar30_exp6_d4.5_d5', 'Bar41_exp3B_d4_d4.5')

# which gastruloids are assigned which class
mesodermal <- list('d3' = c('Bar12_exp4_d3', 'Bar6_exp4_d3', 'Bar15_exp4_d3', 'Bar65_exp4_d3', 'Bar18_exp4_d3', 'Bar2_exp4_d3', 'Bar14_exp4_d3', 'Bar13_exp4_d3', 'Bar61_exp4_d3', 'Bar19_exp4_d3', 'Bar55_exp4_d3'),
        'd3.5' = c('Bar28_exp5_d3.5_d4', 'Bar56_exp5_d3.5_d4', 'Bar65_exp5_d3.5_d4', 'Bar55_exp5_d3.5_d4', 'Bar49_exp5_d3.5_d4', 'Bar61_exp5_d3.5_d4'),
        'd4' = c('Bar21_exp5_d3.5_d4', 'Bar28_exp3B_d4_d4.5', 'Bar12_exp3B_d4_d4.5', 'Bar12_exp5_d3.5_d4', 
               'Bar4_exp5_d3.5_d4', 'Bar17_exp5_d3.5_d4', 'Bar55_exp3B_d4_d4.5', 'Bar18_exp5_d3.5_d4', 
               'Bar56_exp3B_d4_d4.5', 'Bar10_exp5_d3.5_d4', 'Bar14_exp5_d3.5_d4', 'Bar13_exp5_d3.5_d4',
               'Bar52_exp3B_d4_d4.5', 'Bar2_exp5_d3.5_d4', 'Bar6_exp5_d3.5_d4', 'Bar7_exp5_d3.5_d4',
               'Bar1_exp5_d3.5_d4', 'Bar5_exp3B_d4_d4.5', 'Bar15_exp5_d3.5_d4', 'Bar30_exp3B_d4_d4.5',
               'Bar19_exp5_d3.5_d4', 'Bar6_exp3B_d4_d4.5'),
        'd4.5' = c('Bar66_exp6_d4.5_d5', 'Bar45_exp3B_d4_d4.5', 'Bar61_exp6_d4.5_d5', 'Bar14_exp3B_d4_d4.5', 'Bar39_exp3B_d4_d4.5', 'Bar49_exp6_d4.5_d5',
                 'Bar66_exp3B_d4_d4.5', 'Bar41_exp6_d4.5_d5', 'Bar52_exp6_d4.5_d5', 'Bar47_exp6_d4.5_d5', 'Bar59_exp3B_d4_d4.5', 'Bar24_exp6_d4.5_d5',
                 'Bar59_exp6_d4.5_d5', 'Bar65_exp3B_d4_d4.5', 'Bar41_exp3B_d4_d4.5', 'Bar30_exp6_d4.5_d5'),
        'd5' = c('Bar1_exp1_d5', 'Bar17_exp6_d4.5_d5', 'Bar21_exp1_d5', 'Bar20_exp6_d4.5_d5', 'Bar8_exp1_d5', 'Bar6_exp6_d4.5_d5', 'Bar4_exp6_d4.5_d5',
               'Bar23_exp1_d5', 'Bar18_exp6_d4.5_d5', 'Bar15_exp6_d4.5_d5', 'Bar11_exp1_d5', 'Bar9_exp1_d5', 'Bar6_exp1_d5', 'Bar22_exp6_d4.5_d5', 'Bar13_exp6_d4.5_d5')
       )
neural <- list('d3' = c('Bar56_exp4_d3', 'Bar30_exp4_d3', 'Bar52_exp4_d3', 'Bar59_exp4_d3', 'Bar25_exp4_d3', 'Bar47_exp4_d3', 'Bar45_exp4_d3', 'Bar20_exp4_d3', 'Bar66_exp4_d3', 'Bar28_exp4_d3', 'Bar41_exp4_d3', 'Bar24_exp4_d3', 'Bar49_exp4_d3'),
          'd3.5' = c('Bar30_exp5_d3.5_d4', 'Bar47_exp5_d3.5_d4', 'Bar59_exp5_d3.5_d4', 'Bar24_exp5_d3.5_d4', 'Bar25_exp5_d3.5_d4', 'Bar41_exp5_d3.5_d4',
                   'Bar52_exp5_d3.5_d4', 'Bar45_exp5_d3.5_d4', 'Bar23_exp5_d3.5_d4', 'Bar66_exp5_d3.5_d4'),
          'd4' = c('Bar22_exp3B_d4_d4.5', 'Bar22_exp5_d3.5_d4', 'Bar25_exp3B_d4_d4.5', 'Bar20_exp5_d3.5_d4',
                 'Bar2_exp3B_d4_d4.5', 'Bar49_exp3B_d4_d4.5'),
          'd4.5' = c('Bar65_exp6_d4.5_d5', 'Bar28_exp6_d4.5_d5', 'Bar45_exp6_d4.5_d5', 'Bar47_exp3B_d4_d4.5', 'Bar19_exp3B_d4_d4.5', 'Bar15_exp3B_d4_d4.5',
                   'Bar13_exp3B_d4_d4.5', 'Bar23_exp6_d4.5_d5', 'Bar55_exp6_d4.5_d5', 'Bar61_exp3B_d4_d4.5', 'Bar25_exp6_d4.5_d5', 'Bar56_exp6_d4.5_d5'),
          'd5' = c('Bar17_exp1_d5', 'Bar3_exp1_d5', 'Bar10_exp6_d4.5_d5', 'Bar21_exp6_d4.5_d5', 'Bar2_exp6_d4.5_d5', 'Bar22_exp1_d5', 'Bar12_exp1_d5', 'Bar15_exp1_d5',
                 'Bar13_exp1_d5', 'Bar7_exp6_d4.5_d5', 'Bar4_exp1_d5', 'Bar16_exp1_d5')
         )

